-01 -01 -01 -01 -01 -01 -01 -01 -01 -01 -01 -01 -01 -01 -01 -01 -01 -01 -01 -01 -01 -01 -01 -01
-01 000 001 002 003 -01 004 005 006 007 008 009 010 011 012 013 014 015 016 017 018 019 020 -01
-01 021 022 023 024 -01 025 026 027 028 029 030 031 032 033 034 035 036 037 038 039 040 041 -01
-01 042 043 -01 -01 -01 -01 -01 -01 -01 -01 044 045 -01 -01 -01 -01 -01 -01 -01 -01 046 047 -01
-01 048 049 -01 050 051 052 053 054 055 056 057 058 059 060 -01 061 062 063 064 -01 065 066 -01
-01 067 068 -01 069 070 071 072 073 074 075 076 077 078 079 -01 080 081 082 083 -01 084 085 -01
-01 086 087 -01 088 089 -01 -01 -01 -01 -01 -01 -01 -01 -01 -01 -01 -01 090 091 -01 -01 -01 -01
-01 092 093 -01 094 095 096 097 098 099 100 101 102 103 104 105 106 -01 107 108 109 110 111 -01
-01 112 113 -01 114 115 116 117 118 119 120 121 122 123 124 125 126 -01 127 128 129 130 131 -01
-01 132 133 134 135 136 137 138 139 -01 -01 140 141 -01 -01 142 143 144 145 146 147 148 149 -01
-01 150 151 152 153 154 155 156 157 -01 -01 158 159 -01 -01 160 161 162 163 164 165 166 167 -01
-01 168 169 170 171 172 -01 173 174 175 176 177 178 179 180 181 182 183 184 185 -01 186 187 -01
-01 188 189 -01 -01 -01 -01 190 191 192 193 194 195 196 197 198 199 -01 200 201 -01 202 203 -01
-01 204 205 -01 206 207 -01 208 209 -01 -01 210 211 -01 -01 212 213 -01 214 215 -01 216 217 -01
-01 218 219 -01 220 221 -01 222 223 -01 -01 224 225 -01 -01 226 227 -01 228 229 -01 230 231 -01
-01 232 233 -01 234 235 -01 236 237 238 239 240 241 242 243 244 245 -01 246 247 -01 248 249 -01
-01 -01 -01 -01 250 251 -01 252 253 254 255 256 257 258 259 260 261 -01 262 263 -01 264 265 -01
-01 266 267 -01 268 269 -01 -01 -01 -01 -01 -01 -01 -01 -01 -01 -01 -01 270 271 -01 272 273 -01
-01 274 275 -01 276 277 278 279 280 281 282 283 284 285 286 287 288 289 290 291 -01 292 293 -01
-01 294 295 -01 296 297 298 299 300 301 302 303 304 305 306 307 308 309 310 311 -01 312 313 -01
-01 314 315 -01 -01 -01 -01 -01 -01 -01 -01 -01 -01 -01 316 317 318 -01 -01 -01 -01 319 320 -01
-01 321 322 323 324 325 326 327 328 329 330 331 332 333 334 335 336 337 338 339 340 341 342 -01
-01 343 344 345 346 347 348 349 350 351 352 353 354 355 356 357 358 359 360 361 362 363 364 -01
-01 -01 -01 -01 -01 -01 -01 -01 -01 -01 -01 -01 -01 -01 -01 -01 -01 -01 -01 -01 -01 -01 -01 -01

